\datatype=fitshdr
|   cntr|  ctype1|  ctype2|naxis1|naxis2|    crval1|    crval2| crpix1| crpix2|     cdelt1|     cdelt2|    crota2|     scale|          ra1|         dec1|          ra2|         dec2|          ra3|         dec3|          ra4|         dec4|                                                                                         URL|                             file|
|    int|    char|    char|   int|   int|    double|    double| double| double|     double|     double|    double|    double|       double|       double|       double|       double|       double|       double|       double|       double|                                                                                        char|                             char|
 2202810 RA---SIN DEC--SIN    512   1024  15.348082  -0.528059  256.50  512.50 -0.00027778  0.00027778   -0.00021    0.96028    15.4191975    -0.6702813    15.2769654    -0.6702808    15.2769697    -0.3858359    15.4191953    -0.3858364 http://irsa.ipac.caltech.edu/ibe/data/twomass/full/full/980914s/s084/image/ji0840033.fits.gz 2mass-atlas-980914s-j0840033.fits
 2440836 RA---SIN DEC--SIN    512   1024  14.861705  -0.526887  256.50  512.50 -0.00027778  0.00027778    0.00643    1.00231    14.9328370    -0.6691011    14.7906049    -0.6691171    14.7905763    -0.3846721    14.9328018    -0.3846561 http://irsa.ipac.caltech.edu/ibe/data/twomass/full/full/001020s/s086/image/ji0860033.fits.gz 2mass-atlas-001020s-j0860033.fits
 3695036 RA---SIN DEC--SIN    512   1024  15.228023  -0.527276  256.50  512.50 -0.00027778  0.00027778   -0.00510    0.95350    15.2991264    -0.6695044    15.1568943    -0.6694917    15.1569229    -0.3850468    15.2991485    -0.3850594 http://irsa.ipac.caltech.edu/ibe/data/twomass/full/full/001021s/s056/image/ji0560033.fits.gz 2mass-atlas-001021s-j0560033.fits
 4316838 RA---SIN DEC--SIN    512   1024  15.105688  -0.527707  256.50  512.50 -0.00027778  0.00027778    0.00168    0.95781    15.1768082    -0.6699270    15.0345761    -0.6699312    15.0345710    -0.3854862    15.1767966    -0.3854820 http://irsa.ipac.caltech.edu/ibe/data/twomass/full/full/980914s/s082/image/ji0820033.fits.gz 2mass-atlas-980914s-j0820033.fits
 3662900 RA---SIN DEC--SIN    512   1024  15.348591  -0.472633  256.50  512.50 -0.00027778  0.00027778    0.00346    0.95157    15.4197149    -0.6148508    15.2774843    -0.6148594    15.2774700    -0.3304145    15.4196948    -0.3304059 http://irsa.ipac.caltech.edu/ibe/data/twomass/full/full/001021s/s057/image/ji0570245.fits.gz 2mass-atlas-001021s-j0570245.fits
 2015483 RA---SIN DEC--SIN    512   1024  14.863891  -1.066672  256.50  512.50 -0.00027778  0.00027778   -0.00183    0.95411    14.9350135    -1.2088959    14.7927595    -1.2088914    14.7927751    -0.9244464    14.9350160    -0.9244510 http://irsa.ipac.caltech.edu/ibe/data/twomass/full/full/980914s/s080/image/ji0800056.fits.gz 2mass-atlas-980914s-j0800056.fits
 2471919 RA---SIN DEC--SIN    512   1024  15.105696  -0.797152  256.50  512.50 -0.00027778  0.00027778    0.00168    0.95755    15.1768209    -0.9393718    15.0345794    -0.9393760    15.0345760    -0.6549310    15.1768077    -0.6549268 http://irsa.ipac.caltech.edu/ibe/data/twomass/full/full/980914s/s082/image/ji0820044.fits.gz 2mass-atlas-980914s-j0820044.fits
 3776717 RA---SIN DEC--SIN    512   1024  15.348080  -1.066948  256.50  512.50 -0.00027778  0.00027778   -0.00021    0.95993    15.4192065    -1.2091699    15.2769525    -1.2091694    15.2769601    -0.9247244    15.4192010    -0.9247250 http://irsa.ipac.caltech.edu/ibe/data/twomass/full/full/980914s/s084/image/ji0840056.fits.gz 2mass-atlas-980914s-j0840056.fits
 4026540 RA---SIN DEC--SIN    512   1024  14.982550  -0.741185  256.50  512.50 -0.00027778  0.00027778    0.00578    1.00647    15.0536840    -0.8833997    14.9114447    -0.8834141    14.9114206    -0.5989691    15.0536507    -0.5989548 http://irsa.ipac.caltech.edu/ibe/data/twomass/full/full/001020s/s087/image/ji0870233.fits.gz 2mass-atlas-001020s-j0870233.fits
 4180145 RA---SIN DEC--SIN    512   1024  14.861766  -1.065776  256.50  512.50 -0.00027778  0.00027778    0.00643    1.00184    14.9329090    -1.2079897    14.7906550    -1.2080056    14.7906296    -0.9235607    14.9328705    -0.9235447 http://irsa.ipac.caltech.edu/ibe/data/twomass/full/full/001020s/s086/image/ji0860056.fits.gz 2mass-atlas-001020s-j0860056.fits
 4189171 RA---SIN DEC--SIN    512   1024  14.984185  -0.741676  256.50  512.50 -0.00027778  0.00027778    0.00479    0.95649    15.0553165    -0.8838920    14.9130773    -0.8839039    14.9130580    -0.5994589    15.0552882    -0.5994470 http://irsa.ipac.caltech.edu/ibe/data/twomass/full/full/980914s/s081/image/ji0810233.fits.gz 2mass-atlas-980914s-j0810233.fits
 4189715 RA---SIN DEC--SIN    512   1024  15.348607  -0.742077  256.50  512.50 -0.00027778  0.00027778    0.00346    0.95131    15.4197353    -0.8842946    15.2774959    -0.8843032    15.2774833    -0.5998582    15.4197135    -0.5998496 http://irsa.ipac.caltech.edu/ibe/data/twomass/full/full/001021s/s057/image/ji0570233.fits.gz 2mass-atlas-001021s-j0570233.fits
 4342989 RA---SIN DEC--SIN    512   1024  15.226513  -1.011371  256.50  512.50 -0.00027778  0.00027778    0.00316    0.95878    15.2976464    -1.1535888    15.1553952    -1.1535966    15.1553858    -0.8691517    15.2976245    -0.8691438 http://irsa.ipac.caltech.edu/ibe/data/twomass/full/full/980914s/s083/image/ji0830221.fits.gz 2mass-atlas-980914s-j0830221.fits
 1668761 RA---SIN DEC--SIN    512   1024  14.863908  -0.527783  256.50  512.50 -0.00027778  0.00027778   -0.00183    0.95455    14.9350195    -0.6700073    14.7927874    -0.6700028    14.7927997    -0.3855578    14.9350253    -0.3855624 http://irsa.ipac.caltech.edu/ibe/data/twomass/full/full/980914s/s080/image/ji0800033.fits.gz 2mass-atlas-980914s-j0800033.fits
 1496430 RA---SIN DEC--SIN    512   1024  14.984208  -1.011121  256.50  512.50 -0.00027778  0.00027778    0.00479    0.95623    15.0553455    -1.1533368    14.9130943    -1.1533487    14.9130767    -0.8689037    15.0553155    -0.8688918 http://irsa.ipac.caltech.edu/ibe/data/twomass/full/full/980914s/s081/image/ji0810221.fits.gz 2mass-atlas-980914s-j0810221.fits
 2842459 RA---SIN DEC--SIN    512   1024  15.227999  -0.796721  256.50  512.50 -0.00027778  0.00027778   -0.00510    0.95324    15.2991071    -0.9389492    15.1568656    -0.9389365    15.1568958    -0.6544916    15.2991275    -0.6545042 http://irsa.ipac.caltech.edu/ibe/data/twomass/full/full/001021s/s056/image/ji0560044.fits.gz 2mass-atlas-001021s-j0560044.fits
 3046568 RA---SIN DEC--SIN    512   1024  15.226484  -0.472482  256.50  512.50 -0.00027778  0.00027778    0.00316    0.95931    15.2976071    -0.6147002    15.1553766    -0.6147080    15.1553638    -0.3302631    15.2975885    -0.3302552 http://irsa.ipac.caltech.edu/ibe/data/twomass/full/full/980914s/s083/image/ji0830245.fits.gz 2mass-atlas-980914s-j0830245.fits
 3566397 RA---SIN DEC--SIN    512   1024  15.348623  -1.011522  256.50  512.50 -0.00027778  0.00027778    0.00346    0.95113    15.4197572    -1.1537394    15.2775060    -1.1537480    15.2774950    -0.8693030    15.4197338    -0.8692944 http://irsa.ipac.caltech.edu/ibe/data/twomass/full/full/001021s/s057/image/ji0570221.fits.gz 2mass-atlas-001021s-j0570221.fits
  760359 RA---SIN DEC--SIN    512   1024  14.982578  -1.010630  256.50  512.50 -0.00027778  0.00027778    0.00578    1.00610    15.0537179    -1.1528445    14.9114668    -1.1528589    14.9114443    -0.8684139    15.0536830    -0.8683996 http://irsa.ipac.caltech.edu/ibe/data/twomass/full/full/001020s/s087/image/ji0870221.fits.gz 2mass-atlas-001020s-j0870221.fits
  895293 RA---SIN DEC--SIN    512   1024  14.863899  -0.797228  256.50  512.50 -0.00027778  0.00027778   -0.00183    0.95429    14.9350152    -0.9394521    14.7927737    -0.9394476    14.7927877    -0.6550026    14.9350194    -0.6550072 http://irsa.ipac.caltech.edu/ibe/data/twomass/full/full/980914s/s080/image/ji0800044.fits.gz 2mass-atlas-980914s-j0800044.fits
  990007 RA---SIN DEC--SIN    512   1024  15.105975  -1.011733  256.50  512.50 -0.00027778  0.00027778    0.00604    0.95570    15.1771156    -1.1539472    15.0348644    -1.1539622    15.0348406    -0.8695172    15.1770794    -0.8695022 http://irsa.ipac.caltech.edu/ibe/data/twomass/full/full/001021s/s049/image/ji0490221.fits.gz 2mass-atlas-001021s-j0490221.fits
 1092503 RA---SIN DEC--SIN    512   1024  15.105946  -0.742288  256.50  512.50 -0.00027778  0.00027778    0.00604    0.95587    15.1770807    -0.8845024    15.0348413    -0.8845174    15.0348159    -0.6000724    15.1770461    -0.6000575 http://irsa.ipac.caltech.edu/ibe/data/twomass/full/full/001021s/s049/image/ji0490233.fits.gz 2mass-atlas-001021s-j0490233.fits
 1361900 RA---SIN DEC--SIN    512   1024  15.227975  -1.066165  256.50  512.50 -0.00027778  0.00027778   -0.00510    0.95306    15.2990893    -1.2083930    15.1568353    -1.2083803    15.1568672    -0.9239354    15.2991081    -0.9239480 http://irsa.ipac.caltech.edu/ibe/data/twomass/full/full/001021s/s056/image/ji0560056.fits.gz 2mass-atlas-001021s-j0560056.fits
 1364441 RA---SIN DEC--SIN    512   1024  15.348081  -0.797504  256.50  512.50 -0.00027778  0.00027778   -0.00021    0.96011    15.4192012    -0.9397261    15.2769597    -0.9397256    15.2769657    -0.6552806    15.4191974    -0.6552812 http://irsa.ipac.caltech.edu/ibe/data/twomass/full/full/980914s/s084/image/ji0840044.fits.gz 2mass-atlas-980914s-j0840044.fits
 1175933 RA---SIN DEC--SIN    512   1024  15.226498  -0.741926  256.50  512.50 -0.00027778  0.00027778    0.00316    0.95905    15.2976255    -0.8841440    15.1553862    -0.8841518    15.1553751    -0.5997069    15.2976052    -0.5996990 http://irsa.ipac.caltech.edu/ibe/data/twomass/full/full/980914s/s083/image/ji0830233.fits.gz 2mass-atlas-980914s-j0830233.fits
 4473929 RA---SIN DEC--SIN    512   1024  15.105704  -1.066596  256.50  512.50 -0.00027778  0.00027778    0.00168    0.95737    15.1768352    -1.2088156    15.0345812    -1.2088197    15.0345794    -0.9243748    15.1768203    -0.9243706 http://irsa.ipac.caltech.edu/ibe/data/twomass/full/full/980914s/s082/image/ji0820056.fits.gz 2mass-atlas-980914s-j0820056.fits
  153448 RA---SIN DEC--SIN    512   1024  14.982523  -0.471741  256.50  512.50 -0.00027778  0.00027778    0.00578    1.00693    15.0536526    -0.6139559    14.9114221    -0.6139703    14.9113963    -0.3295253    15.0536210    -0.3295110 http://irsa.ipac.caltech.edu/ibe/data/twomass/full/full/001020s/s087/image/ji0870245.fits.gz 2mass-atlas-001020s-j0870245.fits
  228380 RA---SIN DEC--SIN    512   1024  14.984163  -0.472232  256.50  512.50 -0.00027778  0.00027778    0.00479    0.95675    15.0552902    -0.6144482    14.9130596    -0.6144601    14.9130387    -0.3300151    15.0552635    -0.3300032 http://irsa.ipac.caltech.edu/ibe/data/twomass/full/full/980914s/s081/image/ji0810245.fits.gz 2mass-atlas-980914s-j0810245.fits
  723567 RA---SIN DEC--SIN    512   1024  14.861735  -0.796332  256.50  512.50 -0.00027778  0.00027778    0.00643    1.00212    14.9328717    -0.9385459    14.7906302    -0.9385618    14.7906032    -0.6541169    14.9328349    -0.6541009 http://irsa.ipac.caltech.edu/ibe/data/twomass/full/full/001020s/s086/image/ji0860044.fits.gz 2mass-atlas-001020s-j0860044.fits
 4749438 RA---SIN DEC--SIN    512   1024  15.105918  -0.472844  256.50  512.50 -0.00027778  0.00027778    0.00604    0.95605    15.1770483    -0.6150586    15.0348177    -0.6150736    15.0347906    -0.3306286    15.1770154    -0.3306137 http://irsa.ipac.caltech.edu/ibe/data/twomass/full/full/001021s/s049/image/ji0490245.fits.gz 2mass-atlas-001021s-j0490245.fits
