\datatype=fitshdr
| cntr|  ctype1|  ctype2|naxis1|naxis2|    crval1|    crval2|    crpix1|    crpix2|     cdelt1|     cdelt2|  crota2|equinox|                               file|
|  int|    char|    char|   int|   int|    double|    double|    double|    double|     double|     double|  double|    int|                               char|
     1 RA---TAN DEC--TAN    513   1025  15.095520  -0.745590    1165.44    -270.66 -0.00027778  0.00027778  0.00000    2000 c2mass-atlas-980914s-h0840033.fits
     2 RA---TAN DEC--TAN    513   1025  15.095520  -0.745590     733.27    -273.48 -0.00027778  0.00027778  0.00000    2000 c2mass-atlas-001021s-h0560033.fits
     3 RA---TAN DEC--TAN    513   1025  15.095520  -0.745590     293.69    -469.45 -0.00027778  0.00027778  0.00000    2000 c2mass-atlas-001021s-h0490245.fits
     4 RA---TAN DEC--TAN    513   1025  15.095520  -0.745590    -577.54     698.35 -0.00027778  0.00027778  0.00000    2000 c2mass-atlas-980914s-h0800044.fits
     5 RA---TAN DEC--TAN    513   1025  15.095520  -0.745590    -585.42    -274.86 -0.00027778  0.00027778  0.00000    2000 c2mass-atlas-001020s-h0860033.fits
     6 RA---TAN DEC--TAN    513   1025  15.095520  -0.745590    -150.39     496.59 -0.00027778  0.00027778  0.00000    2000 c2mass-atlas-001020s-h0870233.fits
     7 RA---TAN DEC--TAN    513   1025  15.095520  -0.745590     292.85     698.04 -0.00027778  0.00027778  0.00000    2000 c2mass-atlas-980914s-h0820044.fits
     8 RA---TAN DEC--TAN    513   1025  15.095520  -0.745590    -144.51     498.36 -0.00027778  0.00027778  0.00000    2000 c2mass-atlas-980914s-h0810233.fits
     9 RA---TAN DEC--TAN    513   1025  15.095520  -0.745590     727.70     499.23 -0.00027778  0.00027778  0.00000    2000 c2mass-atlas-980914s-h0830233.fits
    10 RA---TAN DEC--TAN    513   1025  15.095520  -0.745590     733.15     696.53 -0.00027778  0.00027778  0.00000    2000 c2mass-atlas-001021s-h0560044.fits
    11 RA---TAN DEC--TAN    513   1025  15.095520  -0.745590    1167.26     499.80 -0.00027778  0.00027778  0.00000    2000 c2mass-atlas-001021s-h0570233.fits
    12 RA---TAN DEC--TAN    513   1025  15.095520  -0.745590    -144.61    -471.65 -0.00027778  0.00027778  0.00000    2000 c2mass-atlas-980914s-h0810245.fits
    13 RA---TAN DEC--TAN    513   1025  15.095520  -0.745590    1165.38     699.36 -0.00027778  0.00027778  0.00000    2000 c2mass-atlas-980914s-h0840044.fits
    14 RA---TAN DEC--TAN    513   1025  15.095520  -0.745590    1167.26    -470.21 -0.00027778  0.00027778  0.00000    2000 c2mass-atlas-001021s-h0570245.fits
    15 RA---TAN DEC--TAN    513   1025  15.095520  -0.745590     727.73    1469.26 -0.00027778  0.00027778  0.00000    2000 c2mass-atlas-980914s-h0830221.fits
    16 RA---TAN DEC--TAN    513   1025  15.095520  -0.745590    -150.26    1466.62 -0.00027778  0.00027778  0.00000    2000 c2mass-atlas-001020s-h0870221.fits
    17 RA---TAN DEC--TAN    513   1025  15.095520  -0.745590    -144.40    1468.39 -0.00027778  0.00027778  0.00000    2000 c2mass-atlas-980914s-h0810221.fits
    18 RA---TAN DEC--TAN    513   1025  15.095520  -0.745590    1167.26    1469.84 -0.00027778  0.00027778  0.00000    2000 c2mass-atlas-001021s-h0570221.fits
    19 RA---TAN DEC--TAN    513   1025  15.095520  -0.745590    -577.56    -271.67 -0.00027778  0.00027778  0.00000    2000 c2mass-atlas-980914s-h0800033.fits
    20 RA---TAN DEC--TAN    513   1025  15.095520  -0.745590    -585.09    1665.20 -0.00027778  0.00027778  0.00000    2000 c2mass-atlas-001020s-h0860056.fits
    21 RA---TAN DEC--TAN    513   1025  15.095520  -0.745590    -150.51    -473.41 -0.00027778  0.00027778  0.00000    2000 c2mass-atlas-001020s-h0870245.fits
    22 RA---TAN DEC--TAN    513   1025  15.095520  -0.745590     727.68    -470.77 -0.00027778  0.00027778  0.00000    2000 c2mass-atlas-980914s-h0830245.fits
    23 RA---TAN DEC--TAN    513   1025  15.095520  -0.745590    -577.51    1668.39 -0.00027778  0.00027778  0.00000    2000 c2mass-atlas-980914s-h0800056.fits
    24 RA---TAN DEC--TAN    513   1025  15.095520  -0.745590     292.82    -271.96 -0.00027778  0.00027778  0.00000    2000 c2mass-atlas-980914s-h0820033.fits
    25 RA---TAN DEC--TAN    513   1025  15.095520  -0.745590     293.79     500.55 -0.00027778  0.00027778  0.00000    2000 c2mass-atlas-001021s-h0490233.fits
    26 RA---TAN DEC--TAN    513   1025  15.095520  -0.745590    -585.26     695.16 -0.00027778  0.00027778  0.00000    2000 c2mass-atlas-001020s-h0860044.fits
    27 RA---TAN DEC--TAN    513   1025  15.095520  -0.745590     293.90    1470.58 -0.00027778  0.00027778  0.00000    2000 c2mass-atlas-001021s-h0490221.fits
    28 RA---TAN DEC--TAN    513   1025  15.095520  -0.745590     292.88    1668.07 -0.00027778  0.00027778  0.00000    2000 c2mass-atlas-980914s-h0820056.fits
    29 RA---TAN DEC--TAN    513   1025  15.095520  -0.745590    1165.32    1669.40 -0.00027778  0.00027778  0.00000    2000 c2mass-atlas-980914s-h0840056.fits
    30 RA---TAN DEC--TAN    513   1025  15.095520  -0.745590     733.03    1666.56 -0.00027778  0.00027778  0.00000    2000 c2mass-atlas-001021s-h0560056.fits
