\datatype=fitshdr
|   cntr|  ctype1|  ctype2|naxis1|naxis2|    crval1|    crval2| crpix1| crpix2|     cdelt1|     cdelt2|    crota2|     scale|          ra1|         dec1|          ra2|         dec2|          ra3|         dec3|          ra4|         dec4|                                                                                         URL|                             file|
|    int|    char|    char|   int|   int|    double|    double| double| double|     double|     double|    double|    double|       double|       double|       double|       double|       double|       double|       double|       double|                                                                                        char|                             char|
  583276 RA---SIN DEC--SIN    512   1024  15.348607  -0.742077  256.50  512.50 -0.00027778  0.00027778    0.00346    1.00702    15.4197353    -0.8842946    15.2774959    -0.8843032    15.2774833    -0.5998582    15.4197135    -0.5998496 http://irsa.ipac.caltech.edu/ibe/data/twomass/full/full/001021s/s057/image/ki0570233.fits.gz 2mass-atlas-001021s-k0570233.fits
   40947 RA---SIN DEC--SIN    512   1024  14.984208  -1.011121  256.50  512.50 -0.00027778  0.00027778    0.00479    1.07656    15.0553455    -1.1533368    14.9130943    -1.1533487    14.9130767    -0.8689037    15.0553155    -0.8688918 http://irsa.ipac.caltech.edu/ibe/data/twomass/full/full/980914s/s081/image/ki0810221.fits.gz 2mass-atlas-980914s-k0810221.fits
    7020 RA---SIN DEC--SIN    512   1024  15.105946  -0.742288  256.50  512.50 -0.00027778  0.00027778    0.00604    1.00805    15.1770807    -0.8845024    15.0348413    -0.8845174    15.0348159    -0.6000724    15.1770461    -0.6000575 http://irsa.ipac.caltech.edu/ibe/data/twomass/full/full/001021s/s049/image/ki0490233.fits.gz 2mass-atlas-001021s-k0490233.fits
  276233 RA---SIN DEC--SIN    512   1024  14.861705  -0.526887  256.50  512.50 -0.00027778  0.00027778    0.00643    1.02650    14.9328370    -0.6691011    14.7906049    -0.6691171    14.7905763    -0.3846721    14.9328018    -0.3846561 http://irsa.ipac.caltech.edu/ibe/data/twomass/full/full/001020s/s086/image/ki0860033.fits.gz 2mass-atlas-001020s-k0860033.fits
  293045 RA---SIN DEC--SIN    512   1024  14.984185  -0.741676  256.50  512.50 -0.00027778  0.00027778    0.00479    1.07676    15.0553165    -0.8838920    14.9130773    -0.8839039    14.9130580    -0.5994589    15.0552882    -0.5994470 http://irsa.ipac.caltech.edu/ibe/data/twomass/full/full/980914s/s081/image/ki0810233.fits.gz 2mass-atlas-980914s-k0810233.fits
  344817 RA---SIN DEC--SIN    512   1024  14.982523  -0.471741  256.50  512.50 -0.00027778  0.00027778    0.00578    1.02906    15.0536526    -0.6139559    14.9114221    -0.6139703    14.9113963    -0.3295253    15.0536210    -0.3295110 http://irsa.ipac.caltech.edu/ibe/data/twomass/full/full/001020s/s087/image/ki0870245.fits.gz 2mass-atlas-001020s-k0870245.fits
    2452 RA---SIN DEC--SIN    512   1024  15.105918  -0.472844  256.50  512.50 -0.00027778  0.00027778    0.00604    1.00814    15.1770483    -0.6150586    15.0348177    -0.6150736    15.0347906    -0.3306286    15.1770154    -0.3306137 http://irsa.ipac.caltech.edu/ibe/data/twomass/full/full/001021s/s049/image/ki0490245.fits.gz 2mass-atlas-001021s-k0490245.fits
 1815311 RA---SIN DEC--SIN    512   1024  15.348591  -0.472633  256.50  512.50 -0.00027778  0.00027778    0.00346    1.00712    15.4197149    -0.6148508    15.2774843    -0.6148594    15.2774700    -0.3304145    15.4196948    -0.3304059 http://irsa.ipac.caltech.edu/ibe/data/twomass/full/full/001021s/s057/image/ki0570245.fits.gz 2mass-atlas-001021s-k0570245.fits
 1886959 RA---SIN DEC--SIN    512   1024  15.348082  -0.528059  256.50  512.50 -0.00027778  0.00027778   -0.00021    1.07756    15.4191975    -0.6702813    15.2769654    -0.6702808    15.2769697    -0.3858359    15.4191953    -0.3858364 http://irsa.ipac.caltech.edu/ibe/data/twomass/full/full/980914s/s084/image/ki0840033.fits.gz 2mass-atlas-980914s-k0840033.fits
 2913209 RA---SIN DEC--SIN    512   1024  14.863899  -0.797228  256.50  512.50 -0.00027778  0.00027778   -0.00183    1.07587    14.9350152    -0.9394521    14.7927737    -0.9394476    14.7927877    -0.6550026    14.9350194    -0.6550072 http://irsa.ipac.caltech.edu/ibe/data/twomass/full/full/980914s/s080/image/ki0800044.fits.gz 2mass-atlas-980914s-k0800044.fits
 3395122 RA---SIN DEC--SIN    512   1024  14.861735  -0.796332  256.50  512.50 -0.00027778  0.00027778    0.00643    1.02631    14.9328717    -0.9385459    14.7906302    -0.9385618    14.7906032    -0.6541169    14.9328349    -0.6541009 http://irsa.ipac.caltech.edu/ibe/data/twomass/full/full/001020s/s086/image/ki0860044.fits.gz 2mass-atlas-001020s-k0860044.fits
 3847283 RA---SIN DEC--SIN    512   1024  14.982550  -0.741185  256.50  512.50 -0.00027778  0.00027778    0.00578    1.02877    15.0536840    -0.8833997    14.9114447    -0.8834141    14.9114206    -0.5989691    15.0536507    -0.5989548 http://irsa.ipac.caltech.edu/ibe/data/twomass/full/full/001020s/s087/image/ki0870233.fits.gz 2mass-atlas-001020s-k0870233.fits
 1974525 RA---SIN DEC--SIN    512   1024  14.984163  -0.472232  256.50  512.50 -0.00027778  0.00027778    0.00479    1.07696    15.0552902    -0.6144482    14.9130596    -0.6144601    14.9130387    -0.3300151    15.0552635    -0.3300032 http://irsa.ipac.caltech.edu/ibe/data/twomass/full/full/980914s/s081/image/ki0810245.fits.gz 2mass-atlas-980914s-k0810245.fits
 1550227 RA---SIN DEC--SIN    512   1024  15.226484  -0.472482  256.50  512.50 -0.00027778  0.00027778    0.00316    1.07756    15.2976071    -0.6147002    15.1553766    -0.6147080    15.1553638    -0.3302631    15.2975885    -0.3302552 http://irsa.ipac.caltech.edu/ibe/data/twomass/full/full/980914s/s083/image/ki0830245.fits.gz 2mass-atlas-980914s-k0830245.fits
 2213019 RA---SIN DEC--SIN    512   1024  15.226498  -0.741926  256.50  512.50 -0.00027778  0.00027778    0.00316    1.07736    15.2976255    -0.8841440    15.1553862    -0.8841518    15.1553751    -0.5997069    15.2976052    -0.5996990 http://irsa.ipac.caltech.edu/ibe/data/twomass/full/full/980914s/s083/image/ki0830233.fits.gz 2mass-atlas-980914s-k0830233.fits
 4053635 RA---SIN DEC--SIN    512   1024  15.228023  -0.527276  256.50  512.50 -0.00027778  0.00027778   -0.00510    1.00777    15.2991264    -0.6695044    15.1568943    -0.6694917    15.1569229    -0.3850468    15.2991485    -0.3850594 http://irsa.ipac.caltech.edu/ibe/data/twomass/full/full/001021s/s056/image/ki0560033.fits.gz 2mass-atlas-001021s-k0560033.fits
 4412763 RA---SIN DEC--SIN    512   1024  14.863891  -1.066672  256.50  512.50 -0.00027778  0.00027778   -0.00183    1.07577    14.9350135    -1.2088959    14.7927595    -1.2088914    14.7927751    -0.9244464    14.9350160    -0.9244510 http://irsa.ipac.caltech.edu/ibe/data/twomass/full/full/980914s/s080/image/ki0800056.fits.gz 2mass-atlas-980914s-k0800056.fits
 1369918 RA---SIN DEC--SIN    512   1024  15.348623  -1.011522  256.50  512.50 -0.00027778  0.00027778    0.00346    1.00684    15.4197572    -1.1537394    15.2775060    -1.1537480    15.2774950    -0.8693030    15.4197338    -0.8692944 http://irsa.ipac.caltech.edu/ibe/data/twomass/full/full/001021s/s057/image/ki0570221.fits.gz 2mass-atlas-001021s-k0570221.fits
 1373326 RA---SIN DEC--SIN    512   1024  15.105975  -1.011733  256.50  512.50 -0.00027778  0.00027778    0.00604    1.00786    15.1771156    -1.1539472    15.0348644    -1.1539622    15.0348406    -0.8695172    15.1770794    -0.8695022 http://irsa.ipac.caltech.edu/ibe/data/twomass/full/full/001021s/s049/image/ki0490221.fits.gz 2mass-atlas-001021s-k0490221.fits
 1547854 RA---SIN DEC--SIN    512   1024  15.105704  -1.066596  256.50  512.50 -0.00027778  0.00027778    0.00168    1.07676    15.1768352    -1.2088156    15.0345812    -1.2088197    15.0345794    -0.9243748    15.1768203    -0.9243706 http://irsa.ipac.caltech.edu/ibe/data/twomass/full/full/980914s/s082/image/ki0820056.fits.gz 2mass-atlas-980914s-k0820056.fits
 1639570 RA---SIN DEC--SIN    512   1024  15.348080  -1.066948  256.50  512.50 -0.00027778  0.00027778   -0.00021    1.07726    15.4192065    -1.2091699    15.2769525    -1.2091694    15.2769601    -0.9247244    15.4192010    -0.9247250 http://irsa.ipac.caltech.edu/ibe/data/twomass/full/full/980914s/s084/image/ki0840056.fits.gz 2mass-atlas-980914s-k0840056.fits
 1218553 RA---SIN DEC--SIN    512   1024  15.227975  -1.066165  256.50  512.50 -0.00027778  0.00027778   -0.00510    1.00749    15.2990893    -1.2083930    15.1568353    -1.2083803    15.1568672    -0.9239354    15.2991081    -0.9239480 http://irsa.ipac.caltech.edu/ibe/data/twomass/full/full/001021s/s056/image/ki0560056.fits.gz 2mass-atlas-001021s-k0560056.fits
 2328009 RA---SIN DEC--SIN    512   1024  15.226513  -1.011371  256.50  512.50 -0.00027778  0.00027778    0.00316    1.07716    15.2976464    -1.1535888    15.1553952    -1.1535966    15.1553858    -0.8691517    15.2976245    -0.8691438 http://irsa.ipac.caltech.edu/ibe/data/twomass/full/full/980914s/s083/image/ki0830221.fits.gz 2mass-atlas-980914s-k0830221.fits
 3617849 RA---SIN DEC--SIN    512   1024  15.105696  -0.797152  256.50  512.50 -0.00027778  0.00027778    0.00168    1.07696    15.1768209    -0.9393718    15.0345794    -0.9393760    15.0345760    -0.6549310    15.1768077    -0.6549268 http://irsa.ipac.caltech.edu/ibe/data/twomass/full/full/980914s/s082/image/ki0820044.fits.gz 2mass-atlas-980914s-k0820044.fits
 3837817 RA---SIN DEC--SIN    512   1024  15.227999  -0.796721  256.50  512.50 -0.00027778  0.00027778   -0.00510    1.00758    15.2991071    -0.9389492    15.1568656    -0.9389365    15.1568958    -0.6544916    15.2991275    -0.6545042 http://irsa.ipac.caltech.edu/ibe/data/twomass/full/full/001021s/s056/image/ki0560044.fits.gz 2mass-atlas-001021s-k0560044.fits
 4256746 RA---SIN DEC--SIN    512   1024  15.105688  -0.527707  256.50  512.50 -0.00027778  0.00027778    0.00168    1.07706    15.1768082    -0.6699270    15.0345761    -0.6699312    15.0345710    -0.3854862    15.1767966    -0.3854820 http://irsa.ipac.caltech.edu/ibe/data/twomass/full/full/980914s/s082/image/ki0820033.fits.gz 2mass-atlas-980914s-k0820033.fits
 4793032 RA---SIN DEC--SIN    512   1024  15.348081  -0.797504  256.50  512.50 -0.00027778  0.00027778   -0.00021    1.07746    15.4192012    -0.9397261    15.2769597    -0.9397256    15.2769657    -0.6552806    15.4191974    -0.6552812 http://irsa.ipac.caltech.edu/ibe/data/twomass/full/full/980914s/s084/image/ki0840044.fits.gz 2mass-atlas-980914s-k0840044.fits
 1436130 RA---SIN DEC--SIN    512   1024  14.861766  -1.065776  256.50  512.50 -0.00027778  0.00027778    0.00643    1.02622    14.9329090    -1.2079897    14.7906550    -1.2080056    14.7906296    -0.9235607    14.9328705    -0.9235447 http://irsa.ipac.caltech.edu/ibe/data/twomass/full/full/001020s/s086/image/ki0860056.fits.gz 2mass-atlas-001020s-k0860056.fits
 3651308 RA---SIN DEC--SIN    512   1024  14.982578  -1.010630  256.50  512.50 -0.00027778  0.00027778    0.00578    1.02849    15.0537179    -1.1528445    14.9114668    -1.1528589    14.9114443    -0.8684139    15.0536830    -0.8683996 http://irsa.ipac.caltech.edu/ibe/data/twomass/full/full/001020s/s087/image/ki0870221.fits.gz 2mass-atlas-001020s-k0870221.fits
 4821057 RA---SIN DEC--SIN    512   1024  14.863908  -0.527783  256.50  512.50 -0.00027778  0.00027778   -0.00183    1.07607    14.9350195    -0.6700073    14.7927874    -0.6700028    14.7927997    -0.3855578    14.9350253    -0.3855624 http://irsa.ipac.caltech.edu/ibe/data/twomass/full/full/980914s/s080/image/ki0800033.fits.gz 2mass-atlas-980914s-k0800033.fits
