\datatype=fitshdr
| cntr|  ctype1|  ctype2|naxis1|naxis2|    crval1|    crval2|    crpix1|    crpix2|     cdelt1|     cdelt2|  crota2|equinox|     scale|                               file|
|  int|    char|    char|   int|   int|    double|    double|    double|    double|     double|     double|  double|    int|    double|                               char|
     1 RA---TAN DEC--TAN    513   1025  15.095520  -0.745590    1167.26     499.80 -0.00027778  0.00027778  0.00000    2000    1.00702 2mass-atlas-001021s-k0570233.fits
     2 RA---TAN DEC--TAN    513   1025  15.095520  -0.745590    -144.40    1468.39 -0.00027778  0.00027778  0.00000    2000    1.07656 2mass-atlas-980914s-k0810221.fits
     3 RA---TAN DEC--TAN    513   1025  15.095520  -0.745590     293.79     500.55 -0.00027778  0.00027778  0.00000    2000    1.00805 2mass-atlas-001021s-k0490233.fits
     4 RA---TAN DEC--TAN    513   1025  15.095520  -0.745590    -585.42    -274.86 -0.00027778  0.00027778  0.00000    2000    1.02650 2mass-atlas-001020s-k0860033.fits
     5 RA---TAN DEC--TAN    513   1025  15.095520  -0.745590    -144.51     498.36 -0.00027778  0.00027778  0.00000    2000    1.07676 2mass-atlas-980914s-k0810233.fits
     6 RA---TAN DEC--TAN    513   1025  15.095520  -0.745590    -150.51    -473.41 -0.00027778  0.00027778  0.00000    2000    1.02906 2mass-atlas-001020s-k0870245.fits
     7 RA---TAN DEC--TAN    513   1025  15.095520  -0.745590     293.69    -469.45 -0.00027778  0.00027778  0.00000    2000    1.00814 2mass-atlas-001021s-k0490245.fits
     8 RA---TAN DEC--TAN    513   1025  15.095520  -0.745590    1167.26    -470.21 -0.00027778  0.00027778  0.00000    2000    1.00712 2mass-atlas-001021s-k0570245.fits
     9 RA---TAN DEC--TAN    513   1025  15.095520  -0.745590    1165.44    -270.66 -0.00027778  0.00027778  0.00000    2000    1.07756 2mass-atlas-980914s-k0840033.fits
    10 RA---TAN DEC--TAN    513   1025  15.095520  -0.745590    -577.54     698.35 -0.00027778  0.00027778  0.00000    2000    1.07587 2mass-atlas-980914s-k0800044.fits
    11 RA---TAN DEC--TAN    513   1025  15.095520  -0.745590    -585.26     695.16 -0.00027778  0.00027778  0.00000    2000    1.02631 2mass-atlas-001020s-k0860044.fits
    12 RA---TAN DEC--TAN    513   1025  15.095520  -0.745590    -150.39     496.59 -0.00027778  0.00027778  0.00000    2000    1.02877 2mass-atlas-001020s-k0870233.fits
    13 RA---TAN DEC--TAN    513   1025  15.095520  -0.745590    -144.61    -471.65 -0.00027778  0.00027778  0.00000    2000    1.07696 2mass-atlas-980914s-k0810245.fits
    14 RA---TAN DEC--TAN    513   1025  15.095520  -0.745590     727.68    -470.77 -0.00027778  0.00027778  0.00000    2000    1.07756 2mass-atlas-980914s-k0830245.fits
    15 RA---TAN DEC--TAN    513   1025  15.095520  -0.745590     727.70     499.23 -0.00027778  0.00027778  0.00000    2000    1.07736 2mass-atlas-980914s-k0830233.fits
    16 RA---TAN DEC--TAN    513   1025  15.095520  -0.745590     733.27    -273.48 -0.00027778  0.00027778  0.00000    2000    1.00777 2mass-atlas-001021s-k0560033.fits
    17 RA---TAN DEC--TAN    513   1025  15.095520  -0.745590    -577.51    1668.39 -0.00027778  0.00027778  0.00000    2000    1.07577 2mass-atlas-980914s-k0800056.fits
    18 RA---TAN DEC--TAN    513   1025  15.095520  -0.745590    1167.26    1469.84 -0.00027778  0.00027778  0.00000    2000    1.00684 2mass-atlas-001021s-k0570221.fits
    19 RA---TAN DEC--TAN    513   1025  15.095520  -0.745590     293.90    1470.58 -0.00027778  0.00027778  0.00000    2000    1.00786 2mass-atlas-001021s-k0490221.fits
    20 RA---TAN DEC--TAN    513   1025  15.095520  -0.745590     292.88    1668.07 -0.00027778  0.00027778  0.00000    2000    1.07676 2mass-atlas-980914s-k0820056.fits
    21 RA---TAN DEC--TAN    513   1025  15.095520  -0.745590    1165.32    1669.40 -0.00027778  0.00027778  0.00000    2000    1.07726 2mass-atlas-980914s-k0840056.fits
    22 RA---TAN DEC--TAN    513   1025  15.095520  -0.745590     733.03    1666.56 -0.00027778  0.00027778  0.00000    2000    1.00749 2mass-atlas-001021s-k0560056.fits
    23 RA---TAN DEC--TAN    513   1025  15.095520  -0.745590     727.73    1469.26 -0.00027778  0.00027778  0.00000    2000    1.07716 2mass-atlas-980914s-k0830221.fits
    24 RA---TAN DEC--TAN    513   1025  15.095520  -0.745590     292.85     698.04 -0.00027778  0.00027778  0.00000    2000    1.07696 2mass-atlas-980914s-k0820044.fits
    25 RA---TAN DEC--TAN    513   1025  15.095520  -0.745590     733.15     696.53 -0.00027778  0.00027778  0.00000    2000    1.00758 2mass-atlas-001021s-k0560044.fits
    26 RA---TAN DEC--TAN    513   1025  15.095520  -0.745590     292.82    -271.96 -0.00027778  0.00027778  0.00000    2000    1.07706 2mass-atlas-980914s-k0820033.fits
    27 RA---TAN DEC--TAN    513   1025  15.095520  -0.745590    1165.38     699.36 -0.00027778  0.00027778  0.00000    2000    1.07746 2mass-atlas-980914s-k0840044.fits
    28 RA---TAN DEC--TAN    513   1025  15.095520  -0.745590    -585.09    1665.20 -0.00027778  0.00027778  0.00000    2000    1.02622 2mass-atlas-001020s-k0860056.fits
    29 RA---TAN DEC--TAN    513   1025  15.095520  -0.745590    -150.26    1466.62 -0.00027778  0.00027778  0.00000    2000    1.02849 2mass-atlas-001020s-k0870221.fits
    30 RA---TAN DEC--TAN    513   1025  15.095520  -0.745590    -577.56    -271.67 -0.00027778  0.00027778  0.00000    2000    1.07607 2mass-atlas-980914s-k0800033.fits
